洗髓功:[2,3,1,2,2]
灼心诀:[2,2,3]
玄火劫心功:[3,1,1,2,2,3]
五觉功:[1,2,3,1,1,3]
玲珑诀:[1,1,3]
寒冰诀:[1,2,3]
清心决:[3,2,2,1,2,3]
避毒诀:[2,2,3,1,3]
解蛊诀:[1,3,2,3,1]
夺魄功:[2,2,1,3,3]
混元一气功:[3,2,1,3,2]
醉意功:[1,3,3]
醉仙诀:[1,2,3,1,3,3]
易筋经:[1,3,2,1,3,2]
武当纯阳功:[2,3,1,2,3,1]
武当太和功:[2,1,3,1,3,1,2]
御兽诀:[2,1,2]
化龙功:[1,2,3,2,1,2]
罗汉伏魔功:[3,3,2,2,1,1]
易筋经梵文:[1,2,2,3,2,2,1,1,1]
金刚护体:[3,3,3,2,2,2,1,1,1]
吐纳法:[1,3,2]
玄龟养生功:[2,2,3,3]
形意五禽功:[3,2,1,2,3]
搬血锻体功:[3,2,3,2,3]
血煞吐纳功:[3,3,2,1,3]
偷天换日功:[1,3,3,2,2]
金针度穴功:[2,1,2,3,1,3]
莲花落:[1,1,3,2]
擒龙伏虎功:[3,2,1,1]
紫薇七星诀:[1,1,1,3,2,1]
斗转星移:[1,1,3,1,2,1]
无迹心诀:[2,3,1,1,3,2]
紫霞剑气:[3,1,2,2,1,3]
竟日神功:[3,1,2,1,3]